,date,state,positive,negative,pending,total,totalTestResults,posNeg,fips,deathIncrease,hospitalizedIncrease,negativeIncrease,positiveIncrease,totalTestResultsIncrease,hospitalizedCurrently,hospitalizedCumulative,inIcuCurrently,inIcuCumulative,onVentilatorCurrently,onVentilatorCumulative,recovered,death,hospitalized
0,20200304,NY,6,48,24.0,78,54,54,36,,,,,,,,,,,,,,
1,20200305,NY,22,76,24.0,122,98,98,36,0.0,0.0,28.0,16.0,44.0,,,,,,,,,
2,20200306,NY,33,92,236.0,361,125,125,36,0.0,0.0,16.0,11.0,27.0,,,,,,,,,
3,20200307,NY,76,92,236.0,404,168,168,36,0.0,0.0,0.0,43.0,43.0,,,,,,,,,
4,20200308,NY,105,92,,197,197,197,36,0.0,0.0,0.0,29.0,29.0,,,,,,,,,
5,20200309,NY,142,92,,234,234,234,36,0.0,0.0,0.0,37.0,37.0,,,,,,,,,
6,20200310,NY,173,92,,265,265,265,36,0.0,0.0,0.0,31.0,31.0,,,,,,,,,
7,20200311,NY,216,92,,308,308,308,36,0.0,0.0,0.0,43.0,43.0,,,,,,,,,
8,20200312,NY,216,92,,308,308,308,36,0.0,0.0,0.0,0.0,0.0,,,,,,,,,
9,20200313,NY,421,2779,,3200,3200,3200,36,0.0,0.0,2687.0,205.0,2892.0,,,,,,,,,
10,20200314,NY,524,2779,,3303,3303,3303,36,0.0,0.0,0.0,103.0,103.0,,,,,,,,,
11,20200315,NY,729,4543,,5272,5272,5272,36,3.0,0.0,1764.0,205.0,1969.0,,,,,,,,3.0,
12,20200316,NY,950,4543,,5493,5493,5493,36,4.0,0.0,0.0,221.0,221.0,,,,,,,,7.0,
13,20200317,NY,1700,5506,,7206,7206,7206,36,0.0,0.0,963.0,750.0,1713.0,,,,,,,,7.0,
14,20200318,NY,2382,12215,,14597,14597,14597,36,5.0,0.0,6709.0,682.0,7391.0,,,,,,,,12.0,
15,20200319,NY,4152,18132,,22284,22284,22284,36,0.0,0.0,5917.0,1770.0,7687.0,,,,,,,,12.0,
16,20200320,NY,7102,25325,,32427,32427,32427,36,23.0,0.0,7193.0,2950.0,10143.0,,,,,,,,35.0,
17,20200321,NY,10356,35081,,45437,45437,45437,36,9.0,1603.0,9756.0,3254.0,13010.0,,1603.0,,,,,,44.0,1603.0
18,20200322,NY,15168,46233,,61401,61401,61401,36,70.0,371.0,11152.0,4812.0,15964.0,,1974.0,,,,,,114.0,1974.0
19,20200323,NY,20875,57414,,78289,78289,78289,36,0.0,661.0,11181.0,5707.0,16888.0,,2635.0,,,,,,114.0,2635.0
20,20200324,NY,25665,65605,,91270,91270,91270,36,96.0,599.0,8191.0,4790.0,12981.0,,3234.0,,,,,,210.0,3234.0
21,20200325,NY,30811,72668,,103479,103479,103479,36,75.0,571.0,7063.0,5146.0,12209.0,,3805.0,,,,,,285.0,3805.0
22,20200326,NY,37258,84846,,122104,122104,122104,36,100.0,3039.0,12178.0,6447.0,18625.0,5327.0,6844.0,1290.0,,,,,385.0,6844.0
23,20200327,NY,44635,101118,,145753,145753,145753,36,134.0,1682.0,16272.0,7377.0,23649.0,6481.0,8526.0,1583.0,,,,2045.0,519.0,8526.0
24,20200328,NY,52318,103616,,155934,155934,155934,36,209.0,1528.0,2498.0,7683.0,10181.0,7328.0,10054.0,1755.0,,,,2726.0,728.0,10054.0
25,20200329,NY,59513,112847,,172360,172360,172360,36,237.0,2021.0,9231.0,7195.0,16426.0,8503.0,12075.0,2037.0,,,,3572.0,965.0,12075.0
26,20200330,NY,66497,119971,,186468,186468,186468,36,253.0,1646.0,7124.0,6984.0,14108.0,9517.0,13721.0,2352.0,,,,4204.0,1218.0,13721.0
27,20200331,NY,75795,129391,,205186,205186,205186,36,332.0,2183.0,9420.0,9298.0,18718.0,10929.0,15904.0,2710.0,,,,4975.0,1550.0,15904.0
28,20200401,NY,83712,137168,,220880,220880,220880,36,391.0,2464.0,7777.0,7917.0,15694.0,12226.0,18368.0,3022.0,,,,6142.0,1941.0,18368.0
29,20200402,NY,92381,146584,,238965,238965,238965,36,432.0,2449.0,9416.0,8669.0,18085.0,13383.0,20817.0,3396.0,,,,7434.0,2373.0,20817.0
30,20200403,NY,102863,157657,,260520,260520,260520,36,562.0,2879.0,11073.0,10482.0,21555.0,14810.0,23696.0,3731.0,,,,8886.0,2935.0,23696.0
31,20200404,NY,113704,169917,,283621,283621,283621,36,630.0,2687.0,12260.0,10841.0,23101.0,15905.0,26383.0,4126.0,,,,10478.0,3565.0,26383.0
32,20200405,NY,122031,180249,,302280,302280,302280,36,594.0,1709.0,10332.0,8327.0,18659.0,16479.0,28092.0,4376.0,,,,12187.0,4159.0,28092.0
33,20200406,NY,130689,190122,,320811,320811,320811,36,599.0,2111.0,9873.0,8658.0,18531.0,16837.0,30203.0,4504.0,,,,13366.0,4758.0,30203.0
34,20200407,NY,138863,201195,,340058,340058,340058,36,731.0,1880.0,11073.0,8174.0,19247.0,17493.0,32083.0,4593.0,,,,14590.0,5489.0,32083.0
35,20200408,NY,149316,215837,,365153,365153,365153,36,779.0,586.0,14642.0,10453.0,25095.0,18079.0,32669.0,4593.0,,,,14590.0,6268.0,32669.0
36,20200409,NY,159937,231612,,391549,391549,391549,36,799.0,200.0,15775.0,10621.0,26396.0,18279.0,32869.0,4925.0,,,,14590.0,7067.0,32869.0
37,20200410,NY,170512,247373,,417885,417885,417885,36,777.0,290.0,15761.0,10575.0,26336.0,18569.0,33159.0,4908.0,,,,14590.0,7844.0,33159.0
38,20200411,NY,180458,260522,,440980,440980,440980,36,783.0,85.0,13149.0,9946.0,23095.0,18654.0,33244.0,5009.0,,,,14590.0,8627.0,33244.0
